ID = 37 
MOTIF3A =
[[[16 15 11 14 5 9],[3 0 2 1]],
[[2 8 11 14 9 15],[1 0 2 3]],
[[16 15 11 14 2 5],[ 3 0 2 1]],
[[10 7 11 5 9 14],[3 1 2 0]],
[[2 8 11 14 15 16],[1 0 2 3]]]
MOTIF3B = []
MOTIF3C = []
MOTIF3D =
[[[8 14 2 5 1 7 10],[2 0 1 3]],
[[9 14 11 5 1 7 10],[2 0 1 3]],
[[9 15 13 11 10 1 5],[3 0 2 1]],
[[14 15 16 11 10 1 5],[3 0 2 1]],
[[14 17 16 11 10 1 5],[3 0 2 1]],
[[7 10 1 5 2 8 14],[2 3 1 0]],
[[7 9 11 5 2 8 14],[2 3 1 0]],
[[7 10 11 5 2 8 14],[2 3 1 0]],
[[9 15 11 14 12 2 8],[2 3 0 1]],
[[15 16 11 14 12 2 8],[2 3 0 1]],
[[15 16 17 14 12 2 8],[2 3 0 1]],
[[7 9 5 11 2 12 14],[1 3 2 0]],
[[7 10 5 11 2 12 14],[1 3 2 0]],
[[9 15 13 11 10 5 7],[3 0 2 1]],
[[14 15 16 11 10 5 7],[3 0 2 1]],
[[14 17 16 11 10 5 7],[3 0 2 1]],
[[1 5 10 11 16 14 15],[3 1 2 0]],
[[5 7 10 11 16 14 15],[3 1 2 0]],
[[7 9 13 11 16 14 15],[3 1 2 0]],
[[1 5 10 11 16 14 17],[3 1 2 0]],
[[5 7 10 11 16 14 17],[3 1 2 0]],
[[7 9 13 11 16 14 17],[3 1 2 0]],
[[2 5 11 14 17 15 16],[2 1 0 3]],
[[5 9 11 14 17 15 16],[2 1 0 3]],
[[2 8 12 14 17 15 16],[2 1 0 3]]]
MOTIF3E =
[[[12 11 14 9 15 5 9],[0 2 3 1]],
[[17 11 14 9 15 5 9],[0 2 3 1]],
[[12 11 14 15 16 5 9],[0 2 3 1]],
[[17 11 14 15 16 5 9],[0 2 3 1]],
[[12 11 14 9 15 2 5],[0 2 3 1]],
[[17 11 14 9 15 2 5],[0 2 3 1]],
[[12 11 14 15 16 2 5],[0 2 3 1]],
[[17 11 14 15 16 2 5],[0 2 3 1]],
[[1 5 11 9 14 7 10],[1 2 0 3]],
[[2 5 11 9 14 7 10],[1 2 0 3]],
[[1 5 11 9 14 7 9],[1 2 0 3]],
[[2 5 11 9 14 7 9],[1 2 0 3]],
[[10 11 13 9 15 7 9],[2 3 0 1]],
[[16 11 13 9 15 7 9],[2 3 0 1]]]
MOTIF3H =[]
MOTIF3J = []

ID: 842554
MOTIF3A =
[[[4 10 5 11 8 9],[3 2 1 0]],
[[18 16 14 11 8 9],[3 2 0 1]],
[[18 19 14 11 8 9],[3 2 0 1]],
[[18 16 14 11 3 6],[3 2 0 1]],
[[18 19 14 11 3 6],[3 2 0 1]],
[[4 1 13 11 9 15],[1 2 3 0]],
[[6 2 14 11 9 15],[1 2 0 3]],
[[6 3 14 11 9 15],[1 2 0 3]],
[[6 2 14 11 15 18],[1 2 0 3]],
[[6 3 14 11 15 18],[1 2 0 3]],
[[6 2 14 11 18 19],[1 2 0 3]],
[[6 3 14 11 18 19],[1 2 0 3]],
[[18 16 14 11 6 8],[3 2 0 1]],
[[18 19 14 11 6 8],[3 2 0 1]]]
MOTIF3B = []
MOTIF3C = []
MOTIF3D =
[[[9 15 13 11 10 1 4],[3 0 2 1]],
[[15 18 16 11 10 1 4],[3 0 2 1]],
[[18 19 16 11 10 1 4],[3 0 2 1]],
[[3 6 2 11 1 4 10],[1 0 2 3]],
[[6 8 2 11 1 4 10],[1 0 2 3]],
[[8 9 5 11 1 4 10],[1 0 2 3]],
[[4 10 1 11 2 3 6],[1 3 2 0]],
[[4 7 5 11 2 3 6],[1 3 2 0]],
[[7 9 5 11 2 3 6],[1 3 2 0]],
[[4 10 1 11 2 6 8],[1 3 2 0]],
[[4 7 5 11 2 6 8],[1 3 2 0]],
[[7 9 5 11 2 6 8],[1 3 2 0]],
[[1 4 10 11 16 15 18],[3 1 2 0]],
[[4 7 13 11 16 15 18],[3 1 2 0]],
[[7 9 13 11 16 15 18],[3 1 2 0]],
[[1 4 10 11 16 18 19],[3 1 2 0]],
[[4 7 13 11 16 18 19],[3 1 2 0]],
[[7 9 13 11 16 18 19],[3 1 2 0]]]
MOTIF3E =
[[[3 11 14 9 15 8 9],[0 2 3 1]],
[[12 11 14 9 15 8 9],[0 2 3 1]],
[[17 11 14 9 15 8 9],[0 2 3 1]],
[[19 11 14 9 15 8 9],[0 2 3 1]],
[[3 11 14 15 18 8 9],[0 2 3 1]],
[[12 11 14 15 18 8 9],[0 2 3 1]],
[[17 11 14 15 18 8 9],[0 2 3 1]],
[[19 11 14 15 18 8 9],[0 2 3 1]],
[[3 11 14 18 19 8 9],[0 2 3 1]],
[[12 11 14 18 19 8 9],[0 2 3 1]],
[[17 11 14 18 19 8 9],[0 2 3 1]],
[[19 11 14 18 19 8 9],[0 2 3 1]],
[[3 11 14 9 15 3 6],[0 2 3 1]],
[[12 11 14 9 15 3 6],[0 2 3 1]],
[[17 11 14 9 15 3 6],[0 2 3 1]],
[[19 11 14 9 15 3 6],[0 2 3 1]],
[[3 11 14 15 18 3 6],[0 2 3 1]],
[[12 11 14 15 18 3 6],[0 2 3 1]],
[[17 11 14 15 18 3 6],[0 2 3 1]],
[[19 11 14 15 18 3 6],[0 2 3 1]],
[[3 11 14 18 19 3 6],[0 2 3 1]],
[[12 11 14 18 19 3 6],[0 2 3 1]],
[[17 11 14 18 19 3 6],[0 2 3 1]],
[[19 11 14 18 19 3 6],[0 2 3 1]],
[[1 5 11 8 9 7 9],[1 2 0 3]],
[[2 5 11 8 9 7 9],[1 2 0 3]],
[[10 11 13 9 15 7 9],[2 3 0 1]],
[[16 11 13 9 15 7 9],[2 3 0 1]],
[[1 5 11 8 9 4 7],[1 2 0 3]],
[[2 5 11 8 9 4 7],[1 2 0 3]],
[[10 11 13 9 15 4 7],[2 3 0 1]],
[[16 11 13 9 15 4 7],[2 3 0 1]],
[[3 11 14 9 15 6 8],[0 2 3 1]],
[[12 11 14 9 15 6 8],[0 2 3 1]],
[[17 11 14 9 15 6 8],[0 2 3 1]],
[[19 11 14 9 15 6 8],[0 2 3 1]],
[[3 11 14 15 18 6 8],[0 2 3 1]],
[[12 11 14 15 18 6 8],[0 2 3 1]],
[[17 11 14 15 18 6 8],[0 2 3 1]],
[[19 11 14 15 18 6 8],[0 2 3 1]],
[[3 11 14 18 19 6 8],[0 2 3 1]],
[[12 11 14 18 19 6 8],[0 2 3 1]],
[[17 11 14 18 19 6 8],[0 2 3 1]],
[[19 11 14 18 19 6 8],[0 2 3 1]]]
MOTIF3H = []
MOTIF3J = []

ID: 2091566
MOTIF3A =
[[[4 0 2 11 3 6],[3 2 1 0]],
[[4 10 2 11 3 6],[3 2 1 0]],
[[18 16 12 11 3 6],[3 2 0 1]],
[[18 19 12 11 3 6],[3 2 0 1]],
[[6 2 8 11 13 15],[1 2 0 3]],
[[6 3 8 11 13 15],[1 2 0 3]],
[[6 3 8 11 13 15],[0 2 1 3]],
[[6 12 8 11 13 15],[0 2 1 3]],
[[6 2 8 11 15 18],[1 2 0 3]],
[[6 3 8 11 15 18],[1 2 0 3]],
[[6 3 8 11 15 18],[0 2 1 3]],
[[6 12 8 11 15 18],[0 2 1 3]],
[[4 0 13 11 15 18],[1 2 3 0]],
[[4 1 13 11 15 18],[1 2 3 0]],
[[4 2 13 11 15 18],[1 2 3 0]],
[[6 2 8 11 4 7],[1 2 0 3]],
[[6 3 8 11 4 7],[1 2 0 3]],
[[6 3 8 11 4 7],[0 2 1 3]],
[[6 12 8 11 4 7],[0 2 1 3]],
[[18 12 13 11 4 7],[0 2 3 1]],
[[18 17 13 11 4 7],[0 2 3 1]],
[[18 19 13 11 4 7],[0 2 3 1]],
[[18 12 13 11 7 8],[0 2 3 1]],
[[18 17 13 11 7 8],[0 2 3 1]],
[[18 19 13 11 7 8],[0 2 3 1]],
[[6 2 8 11 7 13],[1 2 0 3]],
[[6 3 8 11 7 13],[1 2 0 3]],
[[6 3 8 11 7 13],[0 2 1 3]],
[[6 12 8 11 7 13],[0 2 1 3]],
[[4 0 2 11 6 8],[3 2 1 0]],
[[4 10 2 11 6 8],[3 2 1 0]],
[[18 16 12 11 6 8],[3 2 0 1]],
[[18 19 12 11 6 8],[3 2 0 1]],
[[4 0 13 11 8 15],[1 2 3 0]],
[[4 1 13 11 8 15],[1 2 3 0]],
[[4 2 13 11 8 15],[1 2 3 0]]]
MOTIF3B =
[[[9 8 7 11 4 0],[0 3 2 1]],
[[9 8 7 11 4 1],[0 3 2 1]],
[[9 8 7 11 4 2],[0 3 2 1]],
[[12 18 11 8 15 9],[0 2 1 3]],
[[17 18 11 8 15 9],[0 2 1 3]],
[[19 18 11 8 15 9],[0 2 1 3]]]
MOTIF3C =
[[[0 4 11 7 13 8 9],[1 2 3 0]],
[[1 4 11 7 13 8 9],[1 2 3 0]],
[[17 11 18 13 15 8 9],[2 0 3 1]],
[[2 4 11 7 13 8 9],[1 2 3 0]],
[[12 11 18 13 15 8 9],[2 0 3 1]],
[[19 11 18 13 15 8 9],[2 0 3 1]]]
MOTIF3D =
[[[3 6 2 11 1 0 4],[1 0 2 3]],
[[6 8 2 11 1 0 4],[1 0 2 3]],
[[8 15 13 11 10 0 4],[3 0 2 1]],
[[15 18 13 11 10 0 4],[3 0 2 1]],
[[18 19 16 11 10 0 4],[3 0 2 1]],
[[0 4 1 11 2 3 6],[1 3 2 0]],
[[4 7 8 11 2 3 6],[1 3 2 0]],
[[7 13 8 11 2 3 6],[1 3 2 0]],
[[13 15 8 11 2 3 6],[1 3 2 0]],
[[15 18 8 11 2 3 6],[1 3 2 0]],
[[0 4 1 11 2 6 8],[1 3 2 0]],
[[4 7 8 11 2 6 8],[1 3 2 0]],
[[7 13 8 11 2 6 8],[1 3 2 0]],
[[13 15 8 11 2 6 8],[1 3 2 0]],
[[15 18 8 11 2 6 8],[1 3 2 0]],
[[4 7 8 11 12 3 6],[0 3 2 1]],
[[7 13 8 11 12 3 6],[0 3 2 1]],
[[13 15 8 11 12 3 6],[0 3 2 1]],
[[15 18 8 11 12 3 6],[0 3 2 1]],
[[18 19 17 11 12 3 6],[0 3 2 1]],
[[8 9 7 13 4 10 11],[1 0 3 2]],
[[4 7 8 11 12 6 8],[0 3 2 1]],
[[7 13 8 11 12 6 8],[0 3 2 1]],
[[13 15 8 11 12 6 8],[0 3 2 1]],
[[15 18 8 11 12 6 8],[0 3 2 1]],
[[18 19 17 11 12 6 8],[0 3 2 1]],
[[10 11 4 13 7 8 9],[1 2 3 0]],
[[11 16 18 13 15 8 9],[0 2 3 1]],
[[8 9 15 13 18 11 16],[0 1 3 2]],
[[0 4 10 11 16 18 19],[3 1 2 0]],
[[4 7 13 11 16 18 19],[3 1 2 0]],
[[7 8 13 11 16 18 19],[3 1 2 0]],
[[3 6 12 11 17 18 19],[0 1 2 3]],
[[6 8 12 11 17 18 19],[0 1 2 3]]]
MOTIF3E =
[[[10 11 13 8 15 4 7],[2 3 0 1]],
[[16 11 13 8 15 4 7],[2 3 0 1]],
[[10 11 13 15 18 4 7],[2 3 0 1]],
[[16 11 13 15 18 4 7],[2 3 0 1]],
[[10 11 13 8 15 7 8],[2 3 0 1]],
[[16 11 13 8 15 7 8],[2 3 0 1]],
[[10 11 13 15 18 7 8],[2 3 0 1]],
[[16 11 13 15 18 7 8],[2 3 0 1]]]
MOTIF3H = []
MOTIF3J = []

ID: 5054117
MOTIF3A =
[[[18 17 15 11 2 9],[0 2 3 1]],
[[18 19 15 11 2 9],[3 2 0 1]],
[[18 19 15 11 2 9],[0 2 3 1]],
[[18 17 15 11 1 9],[0 2 3 1]],
[[18 19 15 11 1 9],[3 2 0 1]],
[[18 19 15 11 1 9],[0 2 3 1]]]
MOTIF3B =
[[[9 15 7 1 18 19],[0 1 2 3]],
[[17 18 11 1 15 7],[0 2 1 3]],
[[17 18 11 1 15 9],[0 2 1 3]],
[[19 18 11 1 15 7],[0 2 1 3]],
[[19 18 11 1 15 9],[0 2 1 3]]]
MOTIF3C =[]
MOTIF3D =
[[[3 14 2 11 1 9 15],[1 0 2 3]],
[[9 15 2 11 1 9 15],[1 0 2 3]],
[[14 15 2 11 1 9 15],[1 0 2 3]],
[[3 14 2 11 1 15 18],[1 0 2 3]],
[[9 15 2 11 1 15 18],[1 0 2 3]],
[[14 15 2 11 1 15 18],[1 0 2 3]],
[[3 14 2 11 1 18 19],[1 0 2 3]],
[[9 15 2 11 1 18 19],[1 0 2 3]],
[[14 15 2 11 1 18 19],[1 0 2 3]],
[[9 15 1 11 2 3 14],[1 3 2 0]],
[[15 18 1 11 2 3 14],[1 3 2 0]],
[[18 19 1 11 2 3 14],[1 3 2 0]],
[[9 15 1 11 2 9 15],[1 3 2 0]],
[[15 18 1 11 2 9 15],[1 3 2 0]],
[[18 19 1 11 2 9 15],[1 3 2 0]],
[[9 15 1 11 2 14 15],[1 3 2 0]],
[[15 18 1 11 2 14 15],[1 3 2 0]],
[[18 19 1 11 2 14 15],[1 3 2 0]],
[[2 3 14 11 17 15 18],[0 1 2 3]],
[[1 9 15 11 17 15 18],[0 1 2 3]],
[[2 9 15 11 17 15 18],[0 1 2 3]],
[[2 3 14 11 17 18 19],[0 1 2 3]],
[[1 9 15 11 17 18 19],[0 1 2 3]],
[[2 9 15 11 17 18 19],[0 1 2 3]]]
MOTIF3E = []
MOTIF3H =
[[[9 15 2 14 3],[1 3 2 0]],
[[18 19 1 13 4],[0 2 1 3]],
[[7 15 1 18 19],[0 1 2 3]],
[[18 19 1 13 7],[0 2 1 3]],
[[9 11 1 15 7],[0 2 1 3]],
[[11 18 1 15 7],[0 2 1 3]],
[[11 18 1 15 9],[0 2 1 3]]]
MOTIF3J =
[[[11 9 15 1 2],[0 3 1 2]]]

ID: 12369387
MOTIF3A =
[[2 6 11 14 13 18],[1 0 2 3]]
[[15 7 14 5 2 11],[3 1 0 2]]
[[18 16 14 11 2 5],[3 2 0 1]]
[[15 8 13 5 1 11],[0 1 3 2]]
[[2 12 5 14 13 15],[2 0 1 3]]
[[1 10 5 13 14 15],[2 3 1 0]]
[[18 17 13 11 1 5],[0 2 3 1]]
[[1 4 11 13 14 18],[1 3 2 0]]
MOTIF3B =
[[6 14 5 11 13 10],[0 1 2 3]]
[[6 14 5 11 13 16],[0 1 2 3]]
[[8 14 5 11 13 10],[0 1 2 3]]
[[8 14 5 11 13 16],[0 1 2 3]]
[[12 14 11 5 13 4],[0 2 1 3]]
[[12 14 11 5 13 7],[0 2 1 3]]
[[17 14 11 5 13 4],[0 2 1 3]]
[[17 14 11 5 13 7],[0 2 1 3]]
[[15 14 13 11 5 1],[0 3 2 1]]
[[15 14 13 11 5 2],[0 3 2 1]]
[[18 14 13 11 5 1],[0 3 2 1]]
[[18 14 13 11 5 2],[0 3 2 1]]
MOTIF3C =
MOTIF3D =
[[6 14 2 5 1 4 13],[2 0 1 3]]
[[14 18 11 13 10 1 4],[2 0 3 1]]
[[14 15 5 13 4 1 10],[1 0 3 2]]
[[12 14 2 11 1 10 13],[1 0 2 3]]
[[4 13 1 5 2 6 14],[2 3 1 0]]
[[13 15 5 14 6 2 12],[1 3 0 2]]
[[13 18 11 14 12 2 6],[2 3 0 1]]
[[10 13 1 11 2 12 14],[1 3 2 0]]
[[1 11 13 5 7 8 15],[3 2 1 0]]
[[2 11 14 5 8 7 15],[0 2 1 3]]
[[11 16 18 13 15 5 7],[0 2 3 1]]
[[11 17 18 14 15 5 8],[3 2 0 1]]
[[5 7 15 13 18 11 16],[0 1 3 2]]
[[5 8 15 14 18 11 17],[3 1 0 2]]
[[1 5 13 11 16 17 18],[3 1 2 0]]
[[2 5 14 11 17 16 18],[0 1 2 3]]
MOTIF3E =
[[[6 5 14 13 15 2 11],[0 1 3 2]],
[[8 5 14 13 15 2 11],[0 1 3 2]],
[[12 11 14 13 18 2 5],[0 2 3 1]],
[[17 11 14 13 18 2 5],[0 2 3 1]],
[[4 5 13 14 15 1 11],[1 3 0 2]],
[[7 5 13 14 15 1 11],[1 3 0 2]],
[[10 11 13 14 18 1 5],[2 3 0 1]],
[[16 11 13 14 18 1 5],[2 3 0 1]]]
MOTIF3H =
MOTIF3J =
