M2_res=[c0;c1-c2+c9+2c11-2c15-c17+c18;-c2+2c9+4c11-4c15-2c17+2c18;-3c2+c3+3c9+6c11-6c15-3c17+3c18;-c2+c4+c9+2c11-2c15;-2c2+c5+2c9+4c11-4c15-c17+c18;-3c2+c6+3c9+6c11-6c15-2c17+2c18;-2c2+c7+2c9+4c11-4c15;-3c2+c8+3c9+6c11-6c15-c17+c18;-3c2+4c9+6c11-6c15;c10+c11-c17;-c2+c9+4c11-2c15-2c17+c18;-2c2+2c9+5c11+c12-4c15-3c17+2c18;-c2+c9+3c11+c13-2c15-c17;-2c2+2c9+5c11+c14-4c15-2c17+c18;-2c2+2c9+5c11-3c15-c17;2c11+c16-2c17;-c2+c9+4c11-2c15-2c17+c18;-c2+c9+4c11-2c15-2c17+c18;3c11-3c17+c19]

M2_res2=[c0+c2-c9-4c11+2c15+2c17-c18,c1-2c11+c17,c9-2c15+c18,-2c2+c3+2c9+2c11-4c15-c17+2c18,c4-2c11+2c17-c18,-c2+c5+c9-2c15+c17,-2c2+c6+2c9+2c11-4c15+c18,-c2+c7+c9-2c15+2c17-c18,-2c2+c8+2c9+2c11-4c15+c17,-2c2+3c9+2c11-4c15+2c17-c18,c2-c9+c10-3c11+2c15+c17-c18,0,-c2+c9+c11+c12-2c15-c17+c18,-c11+c13+c17-c18,-c2+c9+c11+c14-2c15,-c2+c9+c11-c15+c17-c18,c2-c9-2c11+2c15+c16-c18,0,0,c2-c9-c11+2c15-c17-c18+c19]

Hyp1_res=[c0,c1-c2+c9+2c11-2c15-c17+c18,-c2+2c9+4c11-4c15-2c17+2c18,-3c2+c3+3c9+6c11-6c15-3c17+3c18,-c2+c4+c9+2c11-2c15,-2c2+c5+2c9+4c11-4c15-c17+c18,-3c2+c6+3c9+6c11-6c15-2c17+2c18,-2c2+c7+2c9+4c11-4c15,-3c2+c8+3c9+6c11-6c15-c17+c18,-3c2+4c9+6c11-6c15,c10+c11-c17,-c2+c9+4c11-2c15-2c17+c18,-2c2+2c9+5c11+c12-4c15-3c17+2c18,-c2+c9+3c11+c13-2c15-c17,-2c2+2c9+5c11+c14-4c15-2c17+c18,-2c2+2c9+5c11-3c15-c17,2c11+c16-2c17,-c2+c9+4c11-2c15-2c17+c18,-c2+c9+4c11-2c15-2c17+c18,3c11-3c17+c19]

Ineq1_res=[c0+c2-c9-4c11+2c15+2c17-c18,c1-2c11+c17,c9-2c15+c18,-2c2+c3+2c9+2c11-4c15-c17+2c18,c4-2c11+2c17-c18,-c2+c5+c9-2c15+c17,-2c2+c6+2c9+2c11-4c15+c18,-c2+c7+c9-2c15+2c17-c18,-2c2+c8+2c9+2c11-4c15+c17,-2c2+3c9+2c11-4c15+2c17-c18,c2-c9+c10-3c11+2c15+c17-c18,0,-c2+c9+c11+c12-2c15-c17+c18,-c11+c13+c17-c18,-c2+c9+c11+c14-2c15,-c2+c9+c11-c15+c17-c18,c2-c9-2c11+2c15+c16-c18,0,0,c2-c9-c11+2c15-c17-c18+c19]

Hyp2_res=[c0,c1-2c2+2c9+3c11-3c15,-3c2+4c9+6c11-6c15,-6c2+c3+6c9+9c11-9c15,-c2+c4+c9+2c11-2c15,-3c2+c5+3c9+5c11-5c15,-5c2+c6+5c9+8c11-8c15,-2c2+c7+2c9+4c11-4c15,-4c2+c8+4c9+7c11-7c15,-3c2+4c9+6c11-6c15,-c2+c9+c10+2c11-c15-c18,-3c2+3c9+6c11-4c15-c18,-5c2+5c9+8c11+c12-7c15-c18,-2c2+2c9+4c11+c13-3c15-c18,-4c2+4c9+7c11+c14-6c15-c18,-3c2+3c9+6c11-4c15-c18,-2c2+2c9+4c11-2c15+c16-2c18,-4c2+4c9+7c11-5c15+c17-2c18,-3c2+3c9+6c11-4c15-c18,-3c2+3c9+6c11-3c15-3c18+c19]

Ineq2_res=[c0+3c2-3c9-6c11+4c15+c18,c1+c2-c9-3c11+c15+c18,c9-2c15+c18,-3c2+c3+3c9+3c11-5c15+c18,2c2+c4-2c9-4c11+2c15+c18,c5-c11-c15+c18,-2c2+c6+2c9+2c11-4c15+c18,c2+c7-c9-2c11+c18,-c2+c8+c9+c11-3c15+c18,c9-2c15+c18,2c2-2c9+c10-4c11+3c15,0,-2c2+2c9+2c11+c12-3c15,c2-c9-2c11+c13+c15,-c2+c9+c11+c14-2c15,0,c2-c9-2c11+2c15+c16-c18,-c2+c9+c11-c15+c17-c18,0,c15-2c18+c19]

IM_res,=,[1,0,1,0,0,0,0,0,0,-1,0,-4,0,0,0,2,0,2,-1,0;,0,1,0,0,0,0,0,0,0,0,0,-2,0,0,0,0,0,1,0,0;,0,0,0,0,0,0,0,0,0,1,0,0,0,0,0,-2,0,0,1,0;,0,0,-2,1,0,0,0,0,0,2,0,2,0,0,0,-4,0,-1,2,0;,0,0,0,0,1,0,0,0,0,0,0,-2,0,0,0,0,0,2,-1,0;,0,0,-1,0,0,1,0,0,0,1,0,0,0,0,0,-2,0,1,0,0;,0,0,-2,0,0,0,1,0,0,2,0,2,0,0,0,-4,0,0,1,0;,0,0,-1,0,0,0,0,1,0,1,0,0,0,0,0,-2,0,2,-1,0;,0,0,-2,0,0,0,0,0,1,2,0,2,0,0,0,-4,0,1,0,0;,0,0,-2,0,0,0,0,0,0,3,0,2,0,0,0,-4,0,2,-1,0;,0,0,1,0,0,0,0,0,0,-1,1,-3,0,0,0,2,0,1,-1,0;,0,0,0,0,0,0,0,0,0,0,0,0,0,0,0,0,0,0,0,0;,0,0,-1,0,0,0,0,0,0,1,0,1,1,0,0,-2,0,-1,1,0;,0,0,0,0,0,0,0,0,0,0,0,-1,0,1,0,0,0,1,-1,0;,0,0,-1,0,0,0,0,0,0,1,0,1,0,0,1,-2,0,0,0,0;,0,0,-1,0,0,0,0,0,0,1,0,1,0,0,0,-1,0,1,-1,0;,0,0,1,0,0,0,0,0,0,-1,0,-2,0,0,0,2,1,0,-1,0;,0,0,0,0,0,0,0,0,0,0,0,0,0,0,0,0,0,0,0,0;,0,0,0,0,0,0,0,0,0,0,0,0,0,0,0,0,0,0,0,0;,0,0,1,0,0,0,0,0,0,-1,0,-1,0,0,0,2,0,-1,-1,1;,1,0,3,0,0,0,0,0,0,-3,0,-6,0,0,0,4,0,0,1,0;,0,1,1,0,0,0,0,0,0,-1,0,-3,0,0,0,1,0,0,1,0;,0,0,0,0,0,0,0,0,0,1,0,0,0,0,0,-2,0,0,1,0;,0,0,-3,1,0,0,0,0,0,3,0,3,0,0,0,-5,0,0,1,0;,0,0,2,0,1,0,0,0,0,-2,0,-4,0,0,0,2,0,0,1,0;,0,0,0,0,0,1,0,0,0,0,0,-1,0,0,0,-1,0,0,1,0;,0,0,-2,0,0,0,1,0,0,2,0,2,0,0,0,-4,0,0,1,0;,0,0,1,0,0,0,0,1,0,-1,0,-2,0,0,0,0,0,0,1,0;,0,0,-1,0,0,0,0,0,1,1,0,1,0,0,0,-3,0,0,1,0;,0,0,0,0,0,0,0,0,0,1,0,0,0,0,0,-2,0,0,1,0;,0,0,2,0,0,0,0,0,0,-2,1,-4,0,0,0,3,0,0,0,0;,0,0,0,0,0,0,0,0,0,0,0,0,0,0,0,0,0,0,0,0;,0,0,-2,0,0,0,0,0,0,2,0,2,1,0,0,-3,0,0,0,0;,0,0,1,0,0,0,0,0,0,-1,0,-2,0,1,0,1,0,0,0,0;,0,0,-1,0,0,0,0,0,0,1,0,1,0,0,1,-2,0,0,0,0;,0,0,0,0,0,0,0,0,0,0,0,0,0,0,0,0,0,0,0,0;,0,0,1,0,0,0,0,0,0,-1,0,-2,0,0,0,2,1,0,-1,0;,0,0,-1,0,0,0,0,0,0,1,0,1,0,0,0,-1,0,1,-1,0;,0,0,0,0,0,0,0,0,0,0,0,0,0,0,0,0,0,0,0,0;,0,0,0,0,0,0,0,0,0,0,0,0,0,0,0,1,0,0,-2,1]

rays_M=[00010000000000000000;00000100000000000000;00000010000000000000;00000001000000000000;00000000100000000000;00100000010000000000;00000000000010000000;00000000000001000000;00000000000000100000;00000000000000001000;00-2-30-1-20-100-1-20-100-100;00000-1-1-2-2-3000-1-1-200-10;00000000000-1-1-1-1-1-2-2-2-3;00000000000000000001;00010000000010000101;00120121220121221222]

Hyp2_B1=[c0,3c7-3c15+c19,-2c1+c2+6c7-6c15+2c19,-3c1+c3+9c7-9c15+3c19,c4+c7-c15-c18+c19,-c1+c5+4c7-4c15-c18+2c19,-2c1+c6+7c7-7c15-c18+3c19,3c7-2c15-2c18+2c19,-c1+5c7+c8-5c15-2c18+3c19,3c7+c9-3c15-3c18+3c19,c7+c10-c15,-c1+4c7+c11-4c15+c19-2c1+7c7+c12-7c15+2c19,2c7+c13-2c15-c18+c19,-c1+5c7+c14-5c15-c18+2c19,3c7-2c15-2c18+2c19,2c7-2c15+c16,-c1+5c7-5c15+c17+c19,3c7-3c15+c19,3c7-3c15+c19]

Hyp1_D1=[c0,2c1-c2,2c1-c2,3c1-3c2+c3,c1-2c2+c3+c4+c11-c14,2c1-3c2+c3+c5+c11-c14,3c1-4c2+c3+c6+c11-c14,2c1-4c2+2c3+c7+2c11-2c14,3c1-5c2+2c3+c8+2c11-2c14,3c1-6c2+3c3+c9+3c11-3c14,c1+c10-c11,2c1-c2,3c1-2c2-c11+c12,2c1-2c2+c3+c13-c14,3c1-3c2+c3,3c1-4c2+2c3+c11-2c14+c15,2c1-2c11+c16,3c1-c2-2c11+c17,3c1-2c2+c3-c11-c14+c18,3c1-3c11+c19]

Hyp2_D1=[c0,2c1+c2-c3-c9-2c11+c14+c15,2c1+3c2-2c3-2c9-4c11+2c14+2c15,3c1+3c2-2c3-3c9-6c11+3c14+3c15,c1+c4-c9-c11+c15,2c1+c2-c3+c5-2c9-3c11+c14+2c15,3c1+2c2-2c3+c6-3c9-5c11+2c14+3c15,2c1+c7-2c9-2c11+2c15,3c1+c2-c3+c8-3c9-4c11+c14+3c15,3c1-2c9-3c11+3c15,c1+c10-c11,2c1+c2-c3-c9-2c11+c14+c15,3c1+2c2-2c3-2c9-5c11+c12+2c14+2c15,2c1-c9-2c11+c13+c15,3c1+c2-c3-2c9-4c11+2c14+2c15,3c1-2c9-3c11+3c15,2c1-2c11+c16,3c1+c2-c3-c9-4c11+c14+c15+c17,3c1-c9-3c11+c15+c18,3c1-3c11+c19]

coneex=coneFromHDatamatrix{{1,0,1,0,0,0,0,0,0,-1,0,-4,0,0,0,2,0,2,-1,0},{0,1,0,0,0,0,0,0,0,0,0,-2,0,0,0,0,0,1,0,0},{0,0,0,0,0,0,0,0,0,1,0,0,0,0,0,-2,0,0,1,0},{0,0,-2,1,0,0,0,0,0,2,0,2,0,0,0,-4,0,-1,2,0},{0,0,0,0,1,0,0,0,0,0,0,-2,0,0,0,0,0,2,-1,0},{0,0,-1,0,0,1,0,0,0,1,0,0,0,0,0,-2,0,1,0,0},{0,0,-2,0,0,0,1,0,0,2,0,2,0,0,0,-4,0,0,1,0},{0,0,-1,0,0,0,0,1,0,1,0,0,0,0,0,-2,0,2,-1,0},{0,0,-2,0,0,0,0,0,1,2,0,2,0,0,0,-4,0,1,0,0},{0,0,-2,0,0,0,0,0,0,3,0,2,0,0,0,-4,0,2,-1,0},{0,0,1,0,0,0,0,0,0,-1,1,-3,0,0,0,2,0,1,-1,0},{0,0,0,0,0,0,0,0,0,0,0,0,0,0,0,0,0,0,0,0},{0,0,-1,0,0,0,0,0,0,1,0,1,1,0,0,-2,0,-1,1,0},{0,0,0,0,0,0,0,0,0,0,0,-1,0,1,0,0,0,1,-1,0},{0,0,-1,0,0,0,0,0,0,1,0,1,0,0,1,-2,0,0,0,0},{0,0,-1,0,0,0,0,0,0,1,0,1,0,0,0,-1,0,1,-1,0},{0,0,1,0,0,0,0,0,0,-1,0,-2,0,0,0,2,1,0,-1,0},{0,0,0,0,0,0,0,0,0,0,0,0,0,0,0,0,0,0,0,0},{0,0,0,0,0,0,0,0,0,0,0,0,0,0,0,0,0,0,0,0},{0,0,1,0,0,0,0,0,0,-1,0,-1,0,0,0,2,0,-1,-1,1},{1,0,3,0,0,0,0,0,0,-3,0,-6,0,0,0,4,0,0,1,0},{0,1,1,0,0,0,0,0,0,-1,0,-3,0,0,0,1,0,0,1,0},{0,0,0,0,0,0,0,0,0,1,0,0,0,0,0,-2,0,0,1,0},{0,0,-3,1,0,0,0,0,0,3,0,3,0,0,0,-5,0,0,1,0},{0,0,2,0,1,0,0,0,0,-2,0,-4,0,0,0,2,0,0,1,0},{0,0,0,0,0,1,0,0,0,0,0,-1,0,0,0,-1,0,0,1,0},{0,0,-2,0,0,0,1,0,0,2,0,2,0,0,0,-4,0,0,1,0},{0,0,1,0,0,0,0,1,0,-1,0,-2,0,0,0,0,0,0,1,0},{0,0,-1,0,0,0,0,0,1,1,0,1,0,0,0,-3,0,0,1,0},{0,0,0,0,0,0,0,0,0,1,0,0,0,0,0,-2,0,0,1,0},{0,0,2,0,0,0,0,0,0,-2,1,-4,0,0,0,3,0,0,0,0},{0,0,0,0,0,0,0,0,0,0,0,0,0,0,0,0,0,0,0,0},{0,0,-2,0,0,0,0,0,0,2,0,2,1,0,0,-3,0,0,0,0},{0,0,1,0,0,0,0,0,0,-1,0,-2,0,1,0,1,0,0,0,0},{0,0,-1,0,0,0,0,0,0,1,0,1,0,0,1,-2,0,0,0,0},{0,0,0,0,0,0,0,0,0,0,0,0,0,0,0,0,0,0,0,0},{0,0,1,0,0,0,0,0,0,-1,0,-2,0,0,0,2,1,0,-1,0},{0,0,-1,0,0,0,0,0,0,1,0,1,0,0,0,-1,0,1,-1,0},{0,0,0,0,0,0,0,0,0,0,0,0,0,0,0,0,0,0,0,0},{0,0,0,0,0,0,0,0,0,0,0,0,0,0,0,1,0,0,-2,1}}

Ineq1_D1=[c0-2c1+c2,0,0,c1-2c2+c3,-c1-c2+c3+c4+c11-c14,-2c2+c3+c5+c11-c14,c1-3c2+c3+c6+c11-c14,-3c2+2c3+c7+2c11-2c14,c1-4c2+2c3+c8+2c11-2c14,c1-5c2+3c3+c9+3c11-3c14,-c1+c2+c10-c11,0,c1-c2-c11+c12,-c2+c3+c13-c14,c1-2c2+c3,c1-3c2+2c3+c11-2c14+c15,c2-2c11+c16,c1-2c11+c17,c1-c2+c3-c11-c14+c18,c1+c2-3c11+c19]

Ineq2_D1=[c0-2c1-c2+c3+c9+2c11-c14-c15,0,2c2-c3-c9-2c11+c14+c15,c1+2c2-c3-2c9-4c11+2c14+2c15,-c1-c2+c3+c4+c11-c14,c5-c9-c11+c15,c1+c2-c3+c6-2c9-3c11+c14+2c15,-c2+c3+c7-c9-c14+c15,c1+c8-2c9-2c11+2c15,c1-c2+c3-c9-c11-c14+2c15,-c1-c2+c3+c9+c10+c11-c14-c15,0,c1+c2-c3-c9-3c11+c12+c14+c15,-c2+c3+c13-c14,c1-c9-2c11+c14+c15,c1-c2+c3-c9-c11-c14+2c15,-c2+c3+c9-c14-c15+c16,c1-2c11+c17,c1-c2+c3-c11-c14+c18,c1-c2+c3+c9-c11-c14-c15+c19]

IM_D1 =[1 -2 1  0  0 0 0 0 0 0  0 0  0 0 0  0  0 0 0 0;
      0 0  0  0  0 0 0 0 0 0  0 0  0 0 0  0  0 0 0 0;
      0 0  0  0  0 0 0 0 0 0  0 0  0 0 0  0  0 0 0 0;
      0 1  -2 1  0 0 0 0 0 0  0 0  0 0 0  0  0 0 0 0;
      0 -1 -1 1  1 0 0 0 0 0  0 1  0 0 -1 0  0 0 0 0;
      0 0  -2 1  0 1 0 0 0 0  0 1  0 0 -1 0  0 0 0 0;
      0 1  -3 1  0 0 1 0 0 0  0 1  0 0 -1 0  0 0 0 0;
      0 0  -3 2  0 0 0 1 0 0  0 2  0 0 -2 0  0 0 0 0;
      0 1  -4 2  0 0 0 0 1 0  0 2  0 0 -2 0  0 0 0 0;
      0 1  -5 3  0 0 0 0 0 1  0 3  0 0 -3 0  0 0 0 0;
      0 -1 1  0  0 0 0 0 0 0  1 -1 0 0 0  0  0 0 0 0;
      0 0  0  0  0 0 0 0 0 0  0 0  0 0 0  0  0 0 0 0;
      0 1  -1 0  0 0 0 0 0 0  0 -1 1 0 0  0  0 0 0 0;
      0 0  -1 1  0 0 0 0 0 0  0 0  0 1 -1 0  0 0 0 0;
      0 1  -2 1  0 0 0 0 0 0  0 0  0 0 0  0  0 0 0 0;
      0 1  -3 2  0 0 0 0 0 0  0 1  0 0 -2 1  0 0 0 0;
      0 0  1  0  0 0 0 0 0 0  0 -2 0 0 0  0  1 0 0 0;
      0 1  0  0  0 0 0 0 0 0  0 -2 0 0 0  0  0 1 0 0;
      0 1  -1 1  0 0 0 0 0 0  0 -1 0 0 -1 0  0 0 1 0;
      0 1  1  0  0 0 0 0 0 0  0 -3 0 0 0  0  0 0 0 1;
      1 -2 -1 1  0 0 0 0 0 1  0 2  0 0 -1 -1 0 0 0 0;
      0 0  0  0  0 0 0 0 0 0  0 0  0 0 0  0  0 0 0 0;
      0 0  2  -1 0 0 0 0 0 -1 0 -2 0 0 1  1  0 0 0 0;
      0 1  2  -1 0 0 0 0 0 -2 0 -4 0 0 2  2  0 0 0 0;
      0 -1 -1 1  1 0 0 0 0 0  0 1  0 0 -1 0  0 0 0 0;
      0 0  0  0  0 1 0 0 0 -1 0 -1 0 0 0  1  0 0 0 0;
      0 1  1  -1 0 0 1 0 0 -2 0 -3 0 0 1  2  0 0 0 0;
      0 0  -1 1  0 0 0 1 0 -1 0 0  0 0 -1 1  0 0 0 0;
      0 1  0  0  0 0 0 0 1 -2 0 -2 0 0 0  2  0 0 0 0;
      0 1  -1 1  0 0 0 0 0 -1 0 -1 0 0 -1 2  0 0 0 0;
      0 -1 -1 1  0 0 0 0 0 1  1 1  0 0 -1 -1 0 0 0 0;
      0 0  0  0  0 0 0 0 0 0  0 0  0 0 0  0  0 0 0 0;
      0 1  1  -1 0 0 0 0 0 -1 0 -3 1 0 1  1  0 0 0 0;
      0 0  -1 1  0 0 0 0 0 0  0 0  0 1 -1 0  0 0 0 0;
      0 1  0  0  0 0 0 0 0 -1 0 -2 0 0 1  1  0 0 0 0;
      0 1  -1 1  0 0 0 0 0 -1 0 -1 0 0 -1 2  0 0 0 0;
      0 0  -1 1  0 0 0 0 0 1  0 0  0 0 -1 -1 1 0 0 0;
      0 1  0  0  0 0 0 0 0 0  0 -2 0 0 0  0  0 1 0 0;
      0 1  -1 1  0 0 0 0 0 0  0 -1 0 0 -1 0  0 0 1 0;
      0 1  -1 1  0 0 0 0 0 1  0 -1 0 0 -1 -1 0 0 0 1]